0
0
0
263
0
0
147
111
0
0
886
259
0
0
479
0
580
31
270
0
1216
212
0
0
196
0
369
7
408
1000
86
0
0
145
0
0
0
0
58
465
176
656
397
320
208
0
620
812
0
257
448
0
13
228
0
45
264
0
117
15
346
64
68
115
0
297
222
0
0
251
0
0
44
0
530
605
43
69
957
119
200
809
574
479
68
0
16
37
7
849
348
58
0
177
920
0
0
301
0
0
167
207
1613
607
80
724
46
248
0
0
0
0
0
0
0
452
0
0
203
136
428
357
0
944
0
73
0
441
0
196
29
697
351
43
662
0
0
2550
206
96
96
0
0
0
763
411
0
0
0
44
0
470
925
33
632
338
29
0
62
0
0
0
0
0
67
1745
0
0
73
0
0
146
265
39
0
2196
388
85
0
282
350
0
212
0
112
133
324
591
1602
23
642
0
179
55
79
430
11
38
99
992
5
276
123
40
0
0
0
0
136
445
32
0
33
1068
0
0
0
0
268
0
101
307
379
0
25
42
1116
26
47
0
100
66
46
42
0
179
189
284
93
268
0
0
6
95
303
281
61
95
307
255
60
12
205
487
92
0
0
0
0
0
0
14
868
78
290
0
69
699
277
0
251
0
0
0
0
331
0
1214
188
0
229
0
0
0
0
0
293
0
0
142
0
0
374
0
0
89
0
0
27
4
305
375
200
0
150
239
0
646
96
211
0
643
0
245
308
29
67
0
0
21
386
493
1441
34
0
145
85
227
0
0
0
437
0
0
88
253
0
0
0
193
108
323
397
255
0
0
94
0
0
8
866
0
0
0
33
14
767
428
5
2
0
0
313
432
474
912
5
0
0
1056
0
0
204
521
78
300
0
0
462
0
18
0
0
0
155
105
199
0
0
0
0
386
114
0
0
206
0
11
0
0
0
1681
172
0
0
0
0
11
0
716
686
723
1056
350
375
218
184
484
1008
90
0
262
170
684
364
0
0
512
918
958
48
0
0
771
109
280
119
0
0
0
35
26
148
143
44
0
76
0
53
0
0
106
121
754
0
0
71
0
18
0
0
176
0
311
0
0
0
75
23
242
0
0
0
0
1007
0
0
7
0
0
868
151
108
277
0
0
0
0
218
0
21
101
0
13
0
228
0
259
1023
0
0
223
797
75
0
0
0
0
1297
0
0
0
0
97
0
0
0
0
310
200
836
366
0
0
0
0
3
585
0
0
477
0
0
419
16
0
561
447
0
382
0
70
50
1463
31
2
195
194
117
248
48
0
0
575
0
0
0
0
0
726
0
0
72
0
0
0
0
0
0
93
0
0
628
271
62
0
0
127
1060
16
158
908
208
0
0
0
583
0
0
22
29
0
598
271
0
0
0
831
1539
0
0
0
78
0
0
0
0
75
0
156
0
6
859
0
35
47
885
187
818
387
365
0
227
0
0
164
655
0
0
414
0
0
457
90
0
0
0
0
10
0
992
281
0
0
0
215
288
533
451
0
0
0
0
0
0
0
0
138
11
150
0
24
31
0
0
0
424
0
0
0
0
0
17
51
0
0
0
0
0
4
10
69
784
0
0
0
0
0
241
311
0
0
0
0
167
0
0
2
387
352
669
274
21
0
0
0
659
20
444
221
0
0
0
22
0
351
4
0
142
0
0
0
433
353
0
0
0
225
0
0
0
0
0
14
0
0
25
0
535
0
152
1072
0
0
0
0
427
220
10
0
603
82
0
0
0
0
102
65
0
0
0
194
0
0
414
0
0
215
35
0
902
0
0
165
0
2610
0
0
215
409
0
0
59
0
203
390
0
46
0
0
0
0
0
3
0
214
109
0
0
0
0
195
0
0
130
135
0
203
0
489
0
152
0
0
0
0
0
0
3
0
0
1454
385
0
2
0
427
1002
15
0
0
0
28
148
84
0
73
206
0
0
0
561
0
0
0
128
99
205
0
0
0
393
0
53
0
0
228
0
0
0
0
0
0
23
0
0
0
0
155
111
709
825
0
0
19
0
0
692
0
0
0
51
0
0
11
288
0
57
0
0
92
592
16
397
0
631
182
8
0
502
0
0
382
2
225
262
19
1185
166
0
567
0
0
0
0
0
0
0
0
1345
0
0
588
8
0
0
100
291
66
0
1963
0
0
0
0
0
0
0
0
0
0
40
0
69
0
0
161
320
0
0
0
1101
416
0
0
0
46
0
426
0
0
0
0
0
69
18
0
0
0
1481
0
0
0
514
0
0
1210
177
0
0
0
0
0
0
0
0
0
0
0
0
0
0
0
0
0
1052
14
33
966
0
167
0
0
47
18
26
0
2
0
0
0
0
0
0
0
0
0
0
0
0
0
0
325
0
0
248
0
0
0
0
402
0
0
0
202
443
0
21
167
547
158
0
0
258
0
0
0
0
2196
34
6
0
0
235
0
0
0
0
0
0
289
423
13
0
0
0
0
310
0
0
0
346
387
414
0
0
19
0
0
2020
1258
0
0
19
375
0
204
0
0
0
0
733
0
0
33
0
17
0
0
0
0
0
0
96
0
155
0
0
0
121
0
16
0
0
0
0
0
74
166
0
0
0
0
0
0
4
459
236
268
812
0
108
0
0
365
395
304
0
0
0
0
1
0
0
0
0
0
0
140
1
80
0
0
38
1
0
0
0
150
0
128
0
0
0
77
0
0
0
0
0
0
0
131
0
474
0
58
0
0
158
0
0
0
0
0
0
718
76
0
585
0
0
209
0
0
213
0
49
0
0
0
0
0
0
0
194
140
531
0
50
0
75
568
30
0
0
199
175
0
0
7
0
538
53
0
0
0
0
0
0
0
0
0
0
0
0
120
318
110
0
0
0
0
0
820
461
390
0
0
0
38
0
0
107
0
0
0
0
651
67
